1 1521118773.28950453125 1521118773.28950706250
7 1521118773.28951971875 1521118773.28952225000
11 1521118773.28952984375 1521118773.28953237500
12 1521118773.28953237500 1521118773.28953490625
14 1521118773.28953743750 1521118773.28953996875
16 1521118773.28954250000 1521118773.28954503125
17 1521118773.28954503125 1521118773.28954756250
18 1521118773.28954756250 1521118773.28955009375
20 1521118773.28955262500 1521118773.28955515625
21 1521118773.28955515625 1521118773.28955768750
23 1521118773.28956021875 1521118773.28956275000
27 1521118773.28957034375 1521118773.28957287500
31 1521118773.28958046875 1521118773.28958300000
32 1521118773.28958300000 1521118773.28958553125
38 1521118773.28959818750 1521118773.28960071875
39 1521118773.28960071875 1521118773.28960325000
40 1521118773.28960325000 1521118773.28960578125
43 1521118773.28961084375 1521118773.28961337500
44 1521118773.28961337500 1521118773.28961590625
46 1521118773.28961843750 1521118773.28962096875
48 1521118773.28962350000 1521118773.28962603125
52 1521118773.28963362500 1521118773.28963615625
56 1521118773.28964375000 1521118773.28964628125
57 1521118773.28964628125 1521118773.28964881250
59 1521118773.28965134375 1521118773.28965387500
60 1521118773.28965387500 1521118773.28965640625
61 1521118773.28965640625 1521118773.28965893750
65 1521118773.28966653125 1521118773.28966906250
66 1521118773.28966906250 1521118773.28967159375
69 1521118773.28967665625 1521118773.28967918750
71 1521118773.28968171875 1521118773.28968425000
74 1521118773.28968931250 1521118773.28969184375
75 1521118773.28969184375 1521118773.28969437500
76 1521118773.28969437500 1521118773.28969690625
80 1521118773.28970450000 1521118773.28970703125
81 1521118773.28970703125 1521118773.28970956250
82 1521118773.28970956250 1521118773.28971209375
85 1521118773.28971715625 1521118773.28971968750
86 1521118773.28971968750 1521118773.28972221875
87 1521118773.28972221875 1521118773.28972475000
89 1521118773.28972728125 1521118773.28972981250
90 1521118773.28972981250 1521118773.28973234375
91 1521118773.28973234375 1521118773.28973487500
92 1521118773.28973487500 1521118773.28973740625
93 1521118773.28973740625 1521118773.28973993750
96 1521118773.28974500000 1521118773.28974753125
101 1521118773.28975765625 1521118773.28976018750
102 1521118773.28976018750 1521118773.28976271875
104 1521118773.28976525000 1521118773.28976778125
105 1521118773.28976778125 1521118773.28977031250
106 1521118773.28977031250 1521118773.28977284375
107 1521118773.28977284375 1521118773.28977537500
109 1521118773.28977790625 1521118773.28978043750
112 1521118773.28978550000 1521118773.28978803125
116 1521118773.28979562500 1521118773.28979815625
119 1521118773.28980321875 1521118773.28980575000
121 1521118773.28980828125 1521118773.28981081250
122 1521118773.28981081250 1521118773.28981334375
123 1521118773.28981334375 1521118773.28981587500
124 1521118773.28981587500 1521118773.28981840625
126 1521118773.28982093750 1521118773.28982346875
129 1521118773.28982853125 1521118773.28983106250
130 1521118773.28983106250 1521118773.28983359375
134 1521118773.28984118750 1521118773.28984371875
136 1521118773.28984625000 1521118773.28984878125
139 1521118773.28985384375 1521118773.28985637500
140 1521118773.28985637500 1521118773.28985890625
144 1521118773.28986650000 1521118773.28986903125
145 1521118773.28986903125 1521118773.28987156250
147 1521118773.28987409375 1521118773.28987662500
148 1521118773.28987662500 1521118773.28987915625
149 1521118773.28987915625 1521118773.28988168750
150 1521118773.28988168750 1521118773.28988421875
152 1521118773.28988675000 1521118773.28988928125
155 1521118773.28989434375 1521118773.28989687500
156 1521118773.28989687500 1521118773.28989940625
157 1521118773.28989940625 1521118773.28990193750
159 1521118773.28990446875 1521118773.28990700000
160 1521118773.28990700000 1521118773.28990953125
161 1521118773.28990953125 1521118773.28991206250
162 1521118773.28991206250 1521118773.28991459375
163 1521118773.28991459375 1521118773.28991712500
164 1521118773.28991712500 1521118773.28991965625
165 1521118773.28991965625 1521118773.28992218750
168 1521118773.28992725000 1521118773.28992978125
169 1521118773.28992978125 1521118773.28993231250
173 1521118773.28993990625 1521118773.28994243750
174 1521118773.28994243750 1521118773.28994496875
178 1521118773.28995256250 1521118773.28995509375
180 1521118773.28995762500 1521118773.28996015625
182 1521118773.28996268750 1521118773.28996521875
183 1521118773.28996521875 1521118773.28996775000
184 1521118773.28996775000 1521118773.28997028125
185 1521118773.28997028125 1521118773.28997281250
187 1521118773.28997534375 1521118773.28997787500
188 1521118773.28997787500 1521118773.28998040625
189 1521118773.28998040625 1521118773.28998293750
190 1521118773.28998293750 1521118773.28998546875
193 1521118773.28999053125 1521118773.28999306250
194 1521118773.28999306250 1521118773.28999559375
196 1521118773.28999812500 1521118773.29000065625
197 1521118773.29000065625 1521118773.29000318750
198 1521118773.29000318750 1521118773.29000571875
199 1521118773.29000571875 1521118773.29000825000
200 1521118773.29000825000 1521118773.29001078125
202 1521118773.29001331250 1521118773.29001584375
204 1521118773.29001837500 1521118773.29002090625
206 1521118773.29002343750 1521118773.29002596875
210 1521118773.29003356250 1521118773.29003609375
211 1521118773.29003609375 1521118773.29003862500
221 1521118773.29006140625 1521118773.29006393750
225 1521118773.29007153125 1521118773.29007406250
227 1521118773.29007659375 1521118773.29007912500
228 1521118773.29007912500 1521118773.29008165625
232 1521118773.29008925000 1521118773.29009178125
236 1521118773.29009937500 1521118773.29010190625
237 1521118773.29010190625 1521118773.29010443750
238 1521118773.29010443750 1521118773.29010696875
239 1521118773.29010696875 1521118773.29010950000
240 1521118773.29010950000 1521118773.29011203125
241 1521118773.29011203125 1521118773.29011456250
242 1521118773.29011456250 1521118773.29011709375
244 1521118773.29011962500 1521118773.29012215625
247 1521118773.29012721875 1521118773.29012975000
249 1521118773.29013228125 1521118773.29013481250
251 1521118773.29013734375 1521118773.29013987500
257 1521118773.29015253125 1521118773.29015506250
262 1521118773.29016518750 1521118773.29016771875
264 1521118773.29017025000 1521118773.29017278125
265 1521118773.29017278125 1521118773.29017531250
266 1521118773.29017531250 1521118773.29017784375
268 1521118773.29018037500 1521118773.29018290625
269 1521118773.29018290625 1521118773.29018543750
271 1521118773.29018796875 1521118773.29019050000
274 1521118773.29019556250 1521118773.29019809375
277 1521118773.29020315625 1521118773.29020568750
278 1521118773.29020568750 1521118773.29020821875
279 1521118773.29020821875 1521118773.29021075000
282 1521118773.29021581250 1521118773.29021834375
285 1521118773.29022340625 1521118773.29022593750
286 1521118773.29022593750 1521118773.29022846875
289 1521118773.29023353125 1521118773.29023606250
290 1521118773.29023606250 1521118773.29023859375
292 1521118773.29024112500 1521118773.29024365625
295 1521118773.29024871875 1521118773.29025125000
297 1521118773.29025378125 1521118773.29025631250
300 1521118773.29026137500 1521118773.29026390625
305 1521118773.29027403125 1521118773.29027656250
306 1521118773.29027656250 1521118773.29027909375
307 1521118773.29027909375 1521118773.29028162500
308 1521118773.29028162500 1521118773.29028415625
309 1521118773.29028415625 1521118773.29028668750
310 1521118773.29028668750 1521118773.29028921875
311 1521118773.29028921875 1521118773.29029175000
313 1521118773.29029428125 1521118773.29029681250
315 1521118773.29029934375 1521118773.29030187500
317 1521118773.29030440625 1521118773.29030693750
318 1521118773.29030693750 1521118773.29030946875
319 1521118773.29030946875 1521118773.29031200000
321 1521118773.29031453125 1521118773.29031706250
322 1521118773.29031706250 1521118773.29031959375
323 1521118773.29031959375 1521118773.29032212500
324 1521118773.29032212500 1521118773.29032465625
327 1521118773.29032971875 1521118773.29033225000
331 1521118773.29033984375 1521118773.29034237500
332 1521118773.29034237500 1521118773.29034490625
337 1521118773.29035503125 1521118773.29035756250
339 1521118773.29036009375 1521118773.29036262500
341 1521118773.29036515625 1521118773.29036768750
342 1521118773.29036768750 1521118773.29037021875
346 1521118773.29037781250 1521118773.29038034375
347 1521118773.29038034375 1521118773.29038287500
350 1521118773.29038793750 1521118773.29039046875
351 1521118773.29039046875 1521118773.29039300000
353 1521118773.29039553125 1521118773.29039806250
354 1521118773.29039806250 1521118773.29040059375
355 1521118773.29040059375 1521118773.29040312500
358 1521118773.29040818750 1521118773.29041071875
363 1521118773.29042084375 1521118773.29042337500
364 1521118773.29042337500 1521118773.29042590625
365 1521118773.29042590625 1521118773.29042843750
366 1521118773.29042843750 1521118773.29043096875
367 1521118773.29043096875 1521118773.29043350000
368 1521118773.29043350000 1521118773.29043603125
369 1521118773.29043603125 1521118773.29043856250
370 1521118773.29043856250 1521118773.29044109375
373 1521118773.29044615625 1521118773.29044868750
375 1521118773.29045121875 1521118773.29045375000
376 1521118773.29045375000 1521118773.29045628125
377 1521118773.29045628125 1521118773.29045881250
378 1521118773.29045881250 1521118773.29046134375
379 1521118773.29046134375 1521118773.29046387500
380 1521118773.29046387500 1521118773.29046640625
381 1521118773.29046640625 1521118773.29046893750
382 1521118773.29046893750 1521118773.29047146875
383 1521118773.29047146875 1521118773.29047400000
384 1521118773.29047400000 1521118773.29047653125
385 1521118773.29047653125 1521118773.29047906250
386 1521118773.29047906250 1521118773.29048159375
387 1521118773.29048159375 1521118773.29048412500
388 1521118773.29048412500 1521118773.29048665625
391 1521118773.29049171875 1521118773.29049425000
398 1521118773.29050943750 1521118773.29051196875
400 1521118773.29051450000 1521118773.29051703125
402 1521118773.29051956250 1521118773.29052209375
403 1521118773.29052209375 1521118773.29052462500
404 1521118773.29052462500 1521118773.29052715625
407 1521118773.29053221875 1521118773.29053475000
408 1521118773.29053475000 1521118773.29053728125
412 1521118773.29054487500 1521118773.29054740625
413 1521118773.29054740625 1521118773.29054993750
414 1521118773.29054993750 1521118773.29055246875
415 1521118773.29055246875 1521118773.29055500000
422 1521118773.29057018750 1521118773.29057271875
423 1521118773.29057271875 1521118773.29057525000
424 1521118773.29057525000 1521118773.29057778125
426 1521118773.29058031250 1521118773.29058284375
427 1521118773.29058284375 1521118773.29058537500
428 1521118773.29058537500 1521118773.29058790625
430 1521118773.29059043750 1521118773.29059296875
432 1521118773.29059550000 1521118773.29059803125
433 1521118773.29059803125 1521118773.29060056250
436 1521118773.29060562500 1521118773.29060815625
437 1521118773.29060815625 1521118773.29061068750
438 1521118773.29061068750 1521118773.29061321875
442 1521118773.29062081250 1521118773.29062334375
443 1521118773.29062334375 1521118773.29062587500
444 1521118773.29062587500 1521118773.29062840625
448 1521118773.29063600000 1521118773.29063853125
449 1521118773.29063853125 1521118773.29064106250
450 1521118773.29064106250 1521118773.29064359375
453 1521118773.29064865625 1521118773.29065118750
454 1521118773.29065118750 1521118773.29065371875
459 1521118773.29066384375 1521118773.29066637500
460 1521118773.29066637500 1521118773.29066890625
461 1521118773.29066890625 1521118773.29067143750
462 1521118773.29067143750 1521118773.29067396875
463 1521118773.29067396875 1521118773.29067650000
464 1521118773.29067650000 1521118773.29067903125
465 1521118773.29067903125 1521118773.29068156250
466 1521118773.29068156250 1521118773.29068409375
467 1521118773.29068409375 1521118773.29068662500
470 1521118773.29069168750 1521118773.29069421875
471 1521118773.29069421875 1521118773.29069675000
472 1521118773.29069675000 1521118773.29069928125
473 1521118773.29069928125 1521118773.29070181250
474 1521118773.29070181250 1521118773.29070434375
475 1521118773.29070434375 1521118773.29070687500
476 1521118773.29070687500 1521118773.29070940625
477 1521118773.29070940625 1521118773.29071193750
478 1521118773.29071193750 1521118773.29071446875
481 1521118773.29071953125 1521118773.29072206250
482 1521118773.29072206250 1521118773.29072459375
484 1521118773.29072712500 1521118773.29072965625
485 1521118773.29072965625 1521118773.29073218750
486 1521118773.29073218750 1521118773.29073471875
487 1521118773.29073471875 1521118773.29073725000
489 1521118773.29073978125 1521118773.29074231250
490 1521118773.29074231250 1521118773.29074484375
491 1521118773.29074484375 1521118773.29074737500
492 1521118773.29074737500 1521118773.29074990625
494 1521118773.29075243750 1521118773.29075496875
496 1521118773.29075750000 1521118773.29076003125
505 1521118773.29078028125 1521118773.29078281250
506 1521118773.29078281250 1521118773.29078534375
507 1521118773.29078534375 1521118773.29078787500
508 1521118773.29078787500 1521118773.29079040625
510 1521118773.29079293750 1521118773.29079546875
511 1521118773.29079546875 1521118773.29079800000
513 1521118773.29080053125 1521118773.29080306250
518 1521118773.29081318750 1521118773.29081571875
520 1521118773.29081825000 1521118773.29082078125
523 1521118773.29082584375 1521118773.29082837500
524 1521118773.29082837500 1521118773.29083090625
530 1521118773.29084356250 1521118773.29084609375
531 1521118773.29084609375 1521118773.29084862500
532 1521118773.29084862500 1521118773.29085115625
538 1521118773.29086381250 1521118773.29086634375
539 1521118773.29086634375 1521118773.29086887500
541 1521118773.29087140625 1521118773.29087393750
542 1521118773.29087393750 1521118773.29087646875
543 1521118773.29087646875 1521118773.29087900000
544 1521118773.29087900000 1521118773.29088153125
545 1521118773.29088153125 1521118773.29088406250
546 1521118773.29088406250 1521118773.29088659375
547 1521118773.29088659375 1521118773.29088912500
549 1521118773.29089165625 1521118773.29089418750
550 1521118773.29089418750 1521118773.29089671875
551 1521118773.29089671875 1521118773.29089925000
552 1521118773.29089925000 1521118773.29090178125
554 1521118773.29090431250 1521118773.29090684375
555 1521118773.29090684375 1521118773.29090937500
556 1521118773.29090937500 1521118773.29091190625
557 1521118773.29091190625 1521118773.29091443750
558 1521118773.29091443750 1521118773.29091696875
559 1521118773.29091696875 1521118773.29091950000
562 1521118773.29092456250 1521118773.29092709375
563 1521118773.29092709375 1521118773.29092962500
565 1521118773.29093215625 1521118773.29093468750
568 1521118773.29093975000 1521118773.29094228125
570 1521118773.29094481250 1521118773.29094734375
571 1521118773.29094734375 1521118773.29094987500
572 1521118773.29094987500 1521118773.29095240625
573 1521118773.29095240625 1521118773.29095493750
574 1521118773.29095493750 1521118773.29095746875
575 1521118773.29095746875 1521118773.29096000000
577 1521118773.29096253125 1521118773.29096506250
578 1521118773.29096506250 1521118773.29096759375
579 1521118773.29096759375 1521118773.29097012500
580 1521118773.29097012500 1521118773.29097265625
581 1521118773.29097265625 1521118773.29097518750
582 1521118773.29097518750 1521118773.29097771875
583 1521118773.29097771875 1521118773.29098025000
584 1521118773.29098025000 1521118773.29098278125
586 1521118773.29098531250 1521118773.29098784375
587 1521118773.29098784375 1521118773.29099037500
588 1521118773.29099037500 1521118773.29099290625
589 1521118773.29099290625 1521118773.29099543750
590 1521118773.29099543750 1521118773.29099796875
591 1521118773.29099796875 1521118773.29100050000
592 1521118773.29100050000 1521118773.29100303125
595 1521118773.29100809375 1521118773.29101062500
596 1521118773.29101062500 1521118773.29101315625
597 1521118773.29101315625 1521118773.29101568750
601 1521118773.29102328125 1521118773.29102581250
603 1521118773.29102834375 1521118773.29103087500
604 1521118773.29103087500 1521118773.29103340625
606 1521118773.29103593750 1521118773.29103846875
607 1521118773.29103846875 1521118773.29104100000
608 1521118773.29104100000 1521118773.29104353125
609 1521118773.29104353125 1521118773.29104606250
612 1521118773.29105112500 1521118773.29105365625
613 1521118773.29105365625 1521118773.29105618750
614 1521118773.29105618750 1521118773.29105871875
616 1521118773.29106125000 1521118773.29106378125
617 1521118773.29106378125 1521118773.29106631250
618 1521118773.29106631250 1521118773.29106884375
619 1521118773.29106884375 1521118773.29107137500
620 1521118773.29107137500 1521118773.29107390625
621 1521118773.29107390625 1521118773.29107643750
622 1521118773.29107643750 1521118773.29107896875
623 1521118773.29107896875 1521118773.29108150000
624 1521118773.29108150000 1521118773.29108403125
625 1521118773.29108403125 1521118773.29108656250
627 1521118773.29108909375 1521118773.29109162500
628 1521118773.29109162500 1521118773.29109415625
629 1521118773.29109415625 1521118773.29109668750
630 1521118773.29109668750 1521118773.29109921875
631 1521118773.29109921875 1521118773.29110175000
633 1521118773.29110428125 1521118773.29110681250
634 1521118773.29110681250 1521118773.29110934375
635 1521118773.29110934375 1521118773.29111187500
636 1521118773.29111187500 1521118773.29111440625
638 1521118773.29111693750 1521118773.29111946875
639 1521118773.29111946875 1521118773.29112200000
640 1521118773.29112200000 1521118773.29112453125
641 1521118773.29112453125 1521118773.29112706250
642 1521118773.29112706250 1521118773.29112959375
643 1521118773.29112959375 1521118773.29113212500
644 1521118773.29113212500 1521118773.29113465625
646 1521118773.29113718750 1521118773.29113971875
647 1521118773.29113971875 1521118773.29114225000
648 1521118773.29114225000 1521118773.29114478125
649 1521118773.29114478125 1521118773.29114731250
650 1521118773.29114731250 1521118773.29114984375
651 1521118773.29114984375 1521118773.29115237500
653 1521118773.29115490625 1521118773.29115743750
654 1521118773.29115743750 1521118773.29115996875
655 1521118773.29115996875 1521118773.29116250000
656 1521118773.29116250000 1521118773.29116503125
657 1521118773.29116503125 1521118773.29116756250
658 1521118773.29116756250 1521118773.29117009375
659 1521118773.29117009375 1521118773.29117262500
660 1521118773.29117262500 1521118773.29117515625
661 1521118773.29117515625 1521118773.29117768750
662 1521118773.29117768750 1521118773.29118021875
663 1521118773.29118021875 1521118773.29118275000
664 1521118773.29118275000 1521118773.29118528125
665 1521118773.29118528125 1521118773.29118781250
666 1521118773.29118781250 1521118773.29119034375
667 1521118773.29119034375 1521118773.29119287500
668 1521118773.29119287500 1521118773.29119540625
669 1521118773.29119540625 1521118773.29119793750
671 1521118773.29120046875 1521118773.29120300000
673 1521118773.29120553125 1521118773.29120806250
674 1521118773.29120806250 1521118773.29121059375
675 1521118773.29121059375 1521118773.29121312500
676 1521118773.29121312500 1521118773.29121565625
677 1521118773.29121565625 1521118773.29121818750
678 1521118773.29121818750 1521118773.29122071875
679 1521118773.29122071875 1521118773.29122325000
680 1521118773.29122325000 1521118773.29122578125
681 1521118773.29122578125 1521118773.29122831250
683 1521118773.29123084375 1521118773.29123337500
685 1521118773.29123590625 1521118773.29123843750
686 1521118773.29123843750 1521118773.29124096875
687 1521118773.29124096875 1521118773.29124350000
688 1521118773.29124350000 1521118773.29124603125
689 1521118773.29124603125 1521118773.29124856250
692 1521118773.29125362500 1521118773.29125615625
693 1521118773.29125615625 1521118773.29125868750
695 1521118773.29126121875 1521118773.29126375000
696 1521118773.29126375000 1521118773.29126628125
697 1521118773.29126628125 1521118773.29126881250
698 1521118773.29126881250 1521118773.29127134375
699 1521118773.29127134375 1521118773.29127387500
703 1521118773.29128146875 1521118773.29128400000
704 1521118773.29128400000 1521118773.29128653125
705 1521118773.29128653125 1521118773.29128906250
706 1521118773.29128906250 1521118773.29129159375
707 1521118773.29129159375 1521118773.29129412500
708 1521118773.29129412500 1521118773.29129665625
710 1521118773.29129918750 1521118773.29130171875
712 1521118773.29130425000 1521118773.29130678125
713 1521118773.29130678125 1521118773.29130931250
715 1521118773.29131184375 1521118773.29131437500
716 1521118773.29131437500 1521118773.29131690625
717 1521118773.29131690625 1521118773.29131943750
718 1521118773.29131943750 1521118773.29132196875
719 1521118773.29132196875 1521118773.29132450000
722 1521118773.29132956250 1521118773.29133209375
723 1521118773.29133209375 1521118773.29133462500
724 1521118773.29133462500 1521118773.29133715625
729 1521118773.29134728125 1521118773.29134981250
730 1521118773.29134981250 1521118773.29135234375
731 1521118773.29135234375 1521118773.29135487500
733 1521118773.29135740625 1521118773.29135993750
734 1521118773.29135993750 1521118773.29136246875
737 1521118773.29136753125 1521118773.29137006250
738 1521118773.29137006250 1521118773.29137259375
739 1521118773.29137259375 1521118773.29137512500
740 1521118773.29137512500 1521118773.29137765625
744 1521118773.29138525000 1521118773.29138778125
746 1521118773.29139031250 1521118773.29139284375
747 1521118773.29139284375 1521118773.29139537500
748 1521118773.29139537500 1521118773.29139790625
749 1521118773.29139790625 1521118773.29140043750
750 1521118773.29140043750 1521118773.29140296875
751 1521118773.29140296875 1521118773.29140550000
753 1521118773.29140803125 1521118773.29141056250
754 1521118773.29141056250 1521118773.29141309375
755 1521118773.29141309375 1521118773.29141562500
756 1521118773.29141562500 1521118773.29141815625
760 1521118773.29142575000 1521118773.29142828125
761 1521118773.29142828125 1521118773.29143081250
762 1521118773.29143081250 1521118773.29143334375
763 1521118773.29143334375 1521118773.29143587500
764 1521118773.29143587500 1521118773.29143840625
765 1521118773.29143840625 1521118773.29144093750
767 1521118773.29144346875 1521118773.29144600000
770 1521118773.29145106250 1521118773.29145359375
772 1521118773.29145612500 1521118773.29145865625
773 1521118773.29145865625 1521118773.29146118750
774 1521118773.29146118750 1521118773.29146371875
778 1521118773.29147131250 1521118773.29147384375
780 1521118773.29147637500 1521118773.29147890625
782 1521118773.29148143750 1521118773.29148396875
785 1521118773.29148903125 1521118773.29149156250
786 1521118773.29149156250 1521118773.29149409375
787 1521118773.29149409375 1521118773.29149662500
788 1521118773.29149662500 1521118773.29149915625
794 1521118773.29151181250 1521118773.29151434375
795 1521118773.29151434375 1521118773.29151687500
797 1521118773.29151940625 1521118773.29152193750
800 1521118773.29152700000 1521118773.29152953125
801 1521118773.29152953125 1521118773.29153206250
802 1521118773.29153206250 1521118773.29153459375
803 1521118773.29153459375 1521118773.29153712500
804 1521118773.29153712500 1521118773.29153965625
805 1521118773.29153965625 1521118773.29154218750
806 1521118773.29154218750 1521118773.29154471875
807 1521118773.29154471875 1521118773.29154725000
810 1521118773.29155231250 1521118773.29155484375
811 1521118773.29155484375 1521118773.29155737500
812 1521118773.29155737500 1521118773.29155990625
813 1521118773.29155990625 1521118773.29156243750
814 1521118773.29156243750 1521118773.29156496875
820 1521118773.29157762500 1521118773.29158015625
821 1521118773.29158015625 1521118773.29158268750
822 1521118773.29158268750 1521118773.29158521875
823 1521118773.29158521875 1521118773.29158775000
825 1521118773.29159028125 1521118773.29159281250
826 1521118773.29159281250 1521118773.29159534375
827 1521118773.29159534375 1521118773.29159787500
829 1521118773.29160040625 1521118773.29160293750
830 1521118773.29160293750 1521118773.29160546875
833 1521118773.29161053125 1521118773.29161306250
835 1521118773.29161559375 1521118773.29161812500
836 1521118773.29161812500 1521118773.29162065625
837 1521118773.29162065625 1521118773.29162318750
838 1521118773.29162318750 1521118773.29162571875
839 1521118773.29162571875 1521118773.29162825000
840 1521118773.29162825000 1521118773.29163078125
843 1521118773.29163584375 1521118773.29163837500
845 1521118773.29164090625 1521118773.29164343750
846 1521118773.29164343750 1521118773.29164596875
848 1521118773.29164850000 1521118773.29165103125
850 1521118773.29165356250 1521118773.29165609375
851 1521118773.29165609375 1521118773.29165862500
852 1521118773.29165862500 1521118773.29166115625
855 1521118773.29166621875 1521118773.29166875000
857 1521118773.29167128125 1521118773.29167381250
858 1521118773.29167381250 1521118773.29167634375
859 1521118773.29167634375 1521118773.29167887500
860 1521118773.29167887500 1521118773.29168140625
861 1521118773.29168140625 1521118773.29168393750
863 1521118773.29168646875 1521118773.29168900000
864 1521118773.29168900000 1521118773.29169153125
865 1521118773.29169153125 1521118773.29169406250
866 1521118773.29169406250 1521118773.29169659375
869 1521118773.29170165625 1521118773.29170418750
870 1521118773.29170418750 1521118773.29170671875
871 1521118773.29170671875 1521118773.29170925000
872 1521118773.29170925000 1521118773.29171178125
873 1521118773.29171178125 1521118773.29171431250
876 1521118773.29171937500 1521118773.29172190625
877 1521118773.29172190625 1521118773.29172443750
878 1521118773.29172443750 1521118773.29172696875
881 1521118773.29173203125 1521118773.29173456250
882 1521118773.29173456250 1521118773.29173709375
883 1521118773.29173709375 1521118773.29173962500
884 1521118773.29173962500 1521118773.29174215625
885 1521118773.29174215625 1521118773.29174468750
886 1521118773.29174468750 1521118773.29174721875
887 1521118773.29174721875 1521118773.29174975000
889 1521118773.29175228125 1521118773.29175481250
891 1521118773.29175734375 1521118773.29175987500
892 1521118773.29175987500 1521118773.29176240625
893 1521118773.29176240625 1521118773.29176493750
896 1521118773.29177000000 1521118773.29177253125
897 1521118773.29177253125 1521118773.29177506250
898 1521118773.29177506250 1521118773.29177759375
899 1521118773.29177759375 1521118773.29178012500
902 1521118773.29178518750 1521118773.29178771875
903 1521118773.29178771875 1521118773.29179025000
904 1521118773.29179025000 1521118773.29179278125
905 1521118773.29179278125 1521118773.29179531250
906 1521118773.29179531250 1521118773.29179784375
907 1521118773.29179784375 1521118773.29180037500
908 1521118773.29180037500 1521118773.29180290625
909 1521118773.29180290625 1521118773.29180543750
910 1521118773.29180543750 1521118773.29180796875
912 1521118773.29181050000 1521118773.29181303125
913 1521118773.29181303125 1521118773.29181556250
914 1521118773.29181556250 1521118773.29181809375
915 1521118773.29181809375 1521118773.29182062500
917 1521118773.29182315625 1521118773.29182568750
918 1521118773.29182568750 1521118773.29182821875
919 1521118773.29182821875 1521118773.29183075000
920 1521118773.29183075000 1521118773.29183328125
921 1521118773.29183328125 1521118773.29183581250
922 1521118773.29183581250 1521118773.29183834375
923 1521118773.29183834375 1521118773.29184087500
926 1521118773.29184593750 1521118773.29184846875
927 1521118773.29184846875 1521118773.29185100000
929 1521118773.29185353125 1521118773.29185606250
930 1521118773.29185606250 1521118773.29185859375
931 1521118773.29185859375 1521118773.29186112500
932 1521118773.29186112500 1521118773.29186365625
936 1521118773.29187125000 1521118773.29187378125
938 1521118773.29187631250 1521118773.29187884375
939 1521118773.29187884375 1521118773.29188137500
940 1521118773.29188137500 1521118773.29188390625
941 1521118773.29188390625 1521118773.29188643750
942 1521118773.29188643750 1521118773.29188896875
943 1521118773.29188896875 1521118773.29189150000
944 1521118773.29189150000 1521118773.29189403125
945 1521118773.29189403125 1521118773.29189656250
946 1521118773.29189656250 1521118773.29189909375
947 1521118773.29189909375 1521118773.29190162500
949 1521118773.29190415625 1521118773.29190668750
951 1521118773.29190921875 1521118773.29191175000
952 1521118773.29191175000 1521118773.29191428125
955 1521118773.29191934375 1521118773.29192187500
957 1521118773.29192440625 1521118773.29192693750
958 1521118773.29192693750 1521118773.29192946875
962 1521118773.29193706250 1521118773.29193959375
963 1521118773.29193959375 1521118773.29194212500
964 1521118773.29194212500 1521118773.29194465625
965 1521118773.29194465625 1521118773.29194718750
966 1521118773.29194718750 1521118773.29194971875
967 1521118773.29194971875 1521118773.29195225000
968 1521118773.29195225000 1521118773.29195478125
969 1521118773.29195478125 1521118773.29195731250
970 1521118773.29195731250 1521118773.29195984375
971 1521118773.29195984375 1521118773.29196237500
972 1521118773.29196237500 1521118773.29196490625
973 1521118773.29196490625 1521118773.29196743750
974 1521118773.29196743750 1521118773.29196996875
975 1521118773.29196996875 1521118773.29197250000
976 1521118773.29197250000 1521118773.29197503125
977 1521118773.29197503125 1521118773.29197756250
978 1521118773.29197756250 1521118773.29198009375
979 1521118773.29198009375 1521118773.29198262500
980 1521118773.29198262500 1521118773.29198515625
981 1521118773.29198515625 1521118773.29198768750
982 1521118773.29198768750 1521118773.29199021875
983 1521118773.29199021875 1521118773.29199275000
985 1521118773.29199528125 1521118773.29199781250
987 1521118773.29200034375 1521118773.29200287500
988 1521118773.29200287500 1521118773.29200540625
989 1521118773.29200540625 1521118773.29200793750
990 1521118773.29200793750 1521118773.29201046875
991 1521118773.29201046875 1521118773.29201300000
993 1521118773.29201553125 1521118773.29201806250
994 1521118773.29201806250 1521118773.29202059375
995 1521118773.29202059375 1521118773.29202312500
996 1521118773.29202312500 1521118773.29202565625
997 1521118773.29202565625 1521118773.29202818750
998 1521118773.29202818750 1521118773.29203071875
1000 1521118773.29203325000 1521118773.29203578125
1001 1521118773.29203578125 1521118773.29203831250
1002 1521118773.29203831250 1521118773.29204084375
1003 1521118773.29204084375 1521118773.29204337500
1004 1521118773.29204337500 1521118773.29204590625
1005 1521118773.29204590625 1521118773.29204843750
1006 1521118773.29204843750 1521118773.29205096875
1007 1521118773.29205096875 1521118773.29205350000
1008 1521118773.29205350000 1521118773.29205603125
1009 1521118773.29205603125 1521118773.29205856250
1010 1521118773.29205856250 1521118773.29206109375
1012 1521118773.29206362500 1521118773.29206615625
1014 1521118773.29206868750 1521118773.29207121875
1015 1521118773.29207121875 1521118773.29207375000
1016 1521118773.29207375000 1521118773.29207628125
1017 1521118773.29207628125 1521118773.29207881250
1019 1521118773.29208134375 1521118773.29208387500
1020 1521118773.29208387500 1521118773.29208640625
1021 1521118773.29208640625 1521118773.29208893750
1022 1521118773.29208893750 1521118773.29209146875
1023 1521118773.29209146875 1521118773.29209400000
1024 1521118773.29209400000 1521118773.29209653125
