1 1521118773.2895020 1521118773.2895065
3 1521118773.2895155 1521118773.2895200
6 1521118773.2895290 1521118773.2895335
7 1521118773.2895335 1521118773.2895380
8 1521118773.2895380 1521118773.2895425
9 1521118773.2895425 1521118773.2895470
10 1521118773.2895470 1521118773.2895515
11 1521118773.2895515 1521118773.2895560
12 1521118773.2895560 1521118773.2895605
14 1521118773.2895650 1521118773.2895695
16 1521118773.2895740 1521118773.2895785
17 1521118773.2895785 1521118773.2895830
21 1521118773.2895965 1521118773.2896010
22 1521118773.2896010 1521118773.2896055
24 1521118773.2896100 1521118773.2896145
25 1521118773.2896145 1521118773.2896190
26 1521118773.2896190 1521118773.2896235
28 1521118773.2896280 1521118773.2896325
31 1521118773.2896415 1521118773.2896460
32 1521118773.2896460 1521118773.2896505
33 1521118773.2896505 1521118773.2896550
34 1521118773.2896550 1521118773.2896595
36 1521118773.2896640 1521118773.2896685
38 1521118773.2896730 1521118773.2896775
39 1521118773.2896775 1521118773.2896820
41 1521118773.2896865 1521118773.2896910
42 1521118773.2896910 1521118773.2896955
44 1521118773.2897000 1521118773.2897045
45 1521118773.2897045 1521118773.2897090
46 1521118773.2897090 1521118773.2897135
47 1521118773.2897135 1521118773.2897180
48 1521118773.2897180 1521118773.2897225
49 1521118773.2897225 1521118773.2897270
50 1521118773.2897270 1521118773.2897315
51 1521118773.2897315 1521118773.2897360
52 1521118773.2897360 1521118773.2897405
53 1521118773.2897405 1521118773.2897450
56 1521118773.2897540 1521118773.2897585
57 1521118773.2897585 1521118773.2897630
58 1521118773.2897630 1521118773.2897675
59 1521118773.2897675 1521118773.2897720
60 1521118773.2897720 1521118773.2897765
61 1521118773.2897765 1521118773.2897810
62 1521118773.2897810 1521118773.2897855
64 1521118773.2897900 1521118773.2897945
66 1521118773.2897990 1521118773.2898035
67 1521118773.2898035 1521118773.2898080
68 1521118773.2898080 1521118773.2898125
69 1521118773.2898125 1521118773.2898170
70 1521118773.2898170 1521118773.2898215
72 1521118773.2898260 1521118773.2898305
74 1521118773.2898350 1521118773.2898395
76 1521118773.2898440 1521118773.2898485
78 1521118773.2898530 1521118773.2898575
80 1521118773.2898620 1521118773.2898665
81 1521118773.2898665 1521118773.2898710
82 1521118773.2898710 1521118773.2898755
83 1521118773.2898755 1521118773.2898800
84 1521118773.2898800 1521118773.2898845
85 1521118773.2898845 1521118773.2898890
86 1521118773.2898890 1521118773.2898935
87 1521118773.2898935 1521118773.2898980
88 1521118773.2898980 1521118773.2899025
89 1521118773.2899025 1521118773.2899070
90 1521118773.2899070 1521118773.2899115
91 1521118773.2899115 1521118773.2899160
92 1521118773.2899160 1521118773.2899205
94 1521118773.2899250 1521118773.2899295
97 1521118773.2899385 1521118773.2899430
99 1521118773.2899475 1521118773.2899520
100 1521118773.2899520 1521118773.2899565
101 1521118773.2899565 1521118773.2899610
102 1521118773.2899610 1521118773.2899655
103 1521118773.2899655 1521118773.2899700
104 1521118773.2899700 1521118773.2899745
105 1521118773.2899745 1521118773.2899790
106 1521118773.2899790 1521118773.2899835
108 1521118773.2899880 1521118773.2899925
109 1521118773.2899925 1521118773.2899970
110 1521118773.2899970 1521118773.2900015
111 1521118773.2900015 1521118773.2900060
112 1521118773.2900060 1521118773.2900105
113 1521118773.2900105 1521118773.2900150
114 1521118773.2900150 1521118773.2900195
115 1521118773.2900195 1521118773.2900240
118 1521118773.2900330 1521118773.2900375
124 1521118773.2900600 1521118773.2900645
126 1521118773.2900690 1521118773.2900735
127 1521118773.2900735 1521118773.2900780
128 1521118773.2900780 1521118773.2900825
130 1521118773.2900870 1521118773.2900915
132 1521118773.2900960 1521118773.2901005
133 1521118773.2901005 1521118773.2901050
134 1521118773.2901050 1521118773.2901095
135 1521118773.2901095 1521118773.2901140
136 1521118773.2901140 1521118773.2901185
137 1521118773.2901185 1521118773.2901230
138 1521118773.2901230 1521118773.2901275
139 1521118773.2901275 1521118773.2901320
140 1521118773.2901320 1521118773.2901365
144 1521118773.2901500 1521118773.2901545
146 1521118773.2901590 1521118773.2901635
148 1521118773.2901680 1521118773.2901725
149 1521118773.2901725 1521118773.2901770
150 1521118773.2901770 1521118773.2901815
151 1521118773.2901815 1521118773.2901860
152 1521118773.2901860 1521118773.2901905
153 1521118773.2901905 1521118773.2901950
155 1521118773.2901995 1521118773.2902040
156 1521118773.2902040 1521118773.2902085
158 1521118773.2902130 1521118773.2902175
159 1521118773.2902175 1521118773.2902220
160 1521118773.2902220 1521118773.2902265
162 1521118773.2902310 1521118773.2902355
163 1521118773.2902355 1521118773.2902400
164 1521118773.2902400 1521118773.2902445
165 1521118773.2902445 1521118773.2902490
166 1521118773.2902490 1521118773.2902535
168 1521118773.2902580 1521118773.2902625
171 1521118773.2902715 1521118773.2902760
172 1521118773.2902760 1521118773.2902805
173 1521118773.2902805 1521118773.2902850
174 1521118773.2902850 1521118773.2902895
175 1521118773.2902895 1521118773.2902940
176 1521118773.2902940 1521118773.2902985
177 1521118773.2902985 1521118773.2903030
178 1521118773.2903030 1521118773.2903075
179 1521118773.2903075 1521118773.2903120
180 1521118773.2903120 1521118773.2903165
181 1521118773.2903165 1521118773.2903210
182 1521118773.2903210 1521118773.2903255
183 1521118773.2903255 1521118773.2903300
185 1521118773.2903345 1521118773.2903390
186 1521118773.2903390 1521118773.2903435
189 1521118773.2903525 1521118773.2903570
190 1521118773.2903570 1521118773.2903615
191 1521118773.2903615 1521118773.2903660
192 1521118773.2903660 1521118773.2903705
194 1521118773.2903750 1521118773.2903795
196 1521118773.2903840 1521118773.2903885
197 1521118773.2903885 1521118773.2903930
198 1521118773.2903930 1521118773.2903975
199 1521118773.2903975 1521118773.2904020
201 1521118773.2904065 1521118773.2904110
204 1521118773.2904200 1521118773.2904245
205 1521118773.2904245 1521118773.2904290
206 1521118773.2904290 1521118773.2904335
207 1521118773.2904335 1521118773.2904380
209 1521118773.2904425 1521118773.2904470
210 1521118773.2904470 1521118773.2904515
211 1521118773.2904515 1521118773.2904560
212 1521118773.2904560 1521118773.2904605
213 1521118773.2904605 1521118773.2904650
214 1521118773.2904650 1521118773.2904695
215 1521118773.2904695 1521118773.2904740
216 1521118773.2904740 1521118773.2904785
217 1521118773.2904785 1521118773.2904830
218 1521118773.2904830 1521118773.2904875
219 1521118773.2904875 1521118773.2904920
223 1521118773.2905055 1521118773.2905100
224 1521118773.2905100 1521118773.2905145
226 1521118773.2905190 1521118773.2905235
228 1521118773.2905280 1521118773.2905325
229 1521118773.2905325 1521118773.2905370
231 1521118773.2905415 1521118773.2905460
232 1521118773.2905460 1521118773.2905505
233 1521118773.2905505 1521118773.2905550
236 1521118773.2905640 1521118773.2905685
237 1521118773.2905685 1521118773.2905730
238 1521118773.2905730 1521118773.2905775
239 1521118773.2905775 1521118773.2905820
240 1521118773.2905820 1521118773.2905865
241 1521118773.2905865 1521118773.2905910
242 1521118773.2905910 1521118773.2905955
243 1521118773.2905955 1521118773.2906000
245 1521118773.2906045 1521118773.2906090
246 1521118773.2906090 1521118773.2906135
248 1521118773.2906180 1521118773.2906225
249 1521118773.2906225 1521118773.2906270
251 1521118773.2906315 1521118773.2906360
252 1521118773.2906360 1521118773.2906405
253 1521118773.2906405 1521118773.2906450
254 1521118773.2906450 1521118773.2906495
255 1521118773.2906495 1521118773.2906540
257 1521118773.2906585 1521118773.2906630
258 1521118773.2906630 1521118773.2906675
259 1521118773.2906675 1521118773.2906720
260 1521118773.2906720 1521118773.2906765
261 1521118773.2906765 1521118773.2906810
262 1521118773.2906810 1521118773.2906855
264 1521118773.2906900 1521118773.2906945
265 1521118773.2906945 1521118773.2906990
266 1521118773.2906990 1521118773.2907035
267 1521118773.2907035 1521118773.2907080
268 1521118773.2907080 1521118773.2907125
270 1521118773.2907170 1521118773.2907215
271 1521118773.2907215 1521118773.2907260
272 1521118773.2907260 1521118773.2907305
273 1521118773.2907305 1521118773.2907350
274 1521118773.2907350 1521118773.2907395
275 1521118773.2907395 1521118773.2907440
276 1521118773.2907440 1521118773.2907485
277 1521118773.2907485 1521118773.2907530
278 1521118773.2907530 1521118773.2907575
284 1521118773.2907800 1521118773.2907845
285 1521118773.2907845 1521118773.2907890
286 1521118773.2907890 1521118773.2907935
287 1521118773.2907935 1521118773.2907980
288 1521118773.2907980 1521118773.2908025
290 1521118773.2908070 1521118773.2908115
291 1521118773.2908115 1521118773.2908160
292 1521118773.2908160 1521118773.2908205
294 1521118773.2908250 1521118773.2908295
297 1521118773.2908385 1521118773.2908430
298 1521118773.2908430 1521118773.2908475
302 1521118773.2908610 1521118773.2908655
303 1521118773.2908655 1521118773.2908700
304 1521118773.2908700 1521118773.2908745
305 1521118773.2908745 1521118773.2908790
306 1521118773.2908790 1521118773.2908835
307 1521118773.2908835 1521118773.2908880
308 1521118773.2908880 1521118773.2908925
309 1521118773.2908925 1521118773.2908970
310 1521118773.2908970 1521118773.2909015
311 1521118773.2909015 1521118773.2909060
312 1521118773.2909060 1521118773.2909105
313 1521118773.2909105 1521118773.2909150
314 1521118773.2909150 1521118773.2909195
316 1521118773.2909240 1521118773.2909285
317 1521118773.2909285 1521118773.2909330
319 1521118773.2909375 1521118773.2909420
320 1521118773.2909420 1521118773.2909465
321 1521118773.2909465 1521118773.2909510
322 1521118773.2909510 1521118773.2909555
323 1521118773.2909555 1521118773.2909600
324 1521118773.2909600 1521118773.2909645
325 1521118773.2909645 1521118773.2909690
326 1521118773.2909690 1521118773.2909735
327 1521118773.2909735 1521118773.2909780
328 1521118773.2909780 1521118773.2909825
329 1521118773.2909825 1521118773.2909870
330 1521118773.2909870 1521118773.2909915
331 1521118773.2909915 1521118773.2909960
332 1521118773.2909960 1521118773.2910005
334 1521118773.2910050 1521118773.2910095
335 1521118773.2910095 1521118773.2910140
337 1521118773.2910185 1521118773.2910230
339 1521118773.2910275 1521118773.2910320
340 1521118773.2910320 1521118773.2910365
341 1521118773.2910365 1521118773.2910410
342 1521118773.2910410 1521118773.2910455
344 1521118773.2910500 1521118773.2910545
345 1521118773.2910545 1521118773.2910590
346 1521118773.2910590 1521118773.2910635
347 1521118773.2910635 1521118773.2910680
348 1521118773.2910680 1521118773.2910725
349 1521118773.2910725 1521118773.2910770
350 1521118773.2910770 1521118773.2910815
351 1521118773.2910815 1521118773.2910860
352 1521118773.2910860 1521118773.2910905
353 1521118773.2910905 1521118773.2910950
354 1521118773.2910950 1521118773.2910995
355 1521118773.2910995 1521118773.2911040
356 1521118773.2911040 1521118773.2911085
357 1521118773.2911085 1521118773.2911130
358 1521118773.2911130 1521118773.2911175
359 1521118773.2911175 1521118773.2911220
360 1521118773.2911220 1521118773.2911265
361 1521118773.2911265 1521118773.2911310
362 1521118773.2911310 1521118773.2911355
363 1521118773.2911355 1521118773.2911400
364 1521118773.2911400 1521118773.2911445
365 1521118773.2911445 1521118773.2911490
366 1521118773.2911490 1521118773.2911535
367 1521118773.2911535 1521118773.2911580
368 1521118773.2911580 1521118773.2911625
369 1521118773.2911625 1521118773.2911670
370 1521118773.2911670 1521118773.2911715
371 1521118773.2911715 1521118773.2911760
372 1521118773.2911760 1521118773.2911805
373 1521118773.2911805 1521118773.2911850
374 1521118773.2911850 1521118773.2911895
375 1521118773.2911895 1521118773.2911940
376 1521118773.2911940 1521118773.2911985
377 1521118773.2911985 1521118773.2912030
378 1521118773.2912030 1521118773.2912075
379 1521118773.2912075 1521118773.2912120
380 1521118773.2912120 1521118773.2912165
381 1521118773.2912165 1521118773.2912210
382 1521118773.2912210 1521118773.2912255
383 1521118773.2912255 1521118773.2912300
384 1521118773.2912300 1521118773.2912345
385 1521118773.2912345 1521118773.2912390
386 1521118773.2912390 1521118773.2912435
387 1521118773.2912435 1521118773.2912480
388 1521118773.2912480 1521118773.2912525
389 1521118773.2912525 1521118773.2912570
390 1521118773.2912570 1521118773.2912615
391 1521118773.2912615 1521118773.2912660
392 1521118773.2912660 1521118773.2912705
393 1521118773.2912705 1521118773.2912750
395 1521118773.2912795 1521118773.2912840
396 1521118773.2912840 1521118773.2912885
397 1521118773.2912885 1521118773.2912930
398 1521118773.2912930 1521118773.2912975
400 1521118773.2913020 1521118773.2913065
402 1521118773.2913110 1521118773.2913155
403 1521118773.2913155 1521118773.2913200
404 1521118773.2913200 1521118773.2913245
406 1521118773.2913290 1521118773.2913335
407 1521118773.2913335 1521118773.2913380
410 1521118773.2913470 1521118773.2913515
411 1521118773.2913515 1521118773.2913560
412 1521118773.2913560 1521118773.2913605
414 1521118773.2913650 1521118773.2913695
415 1521118773.2913695 1521118773.2913740
416 1521118773.2913740 1521118773.2913785
418 1521118773.2913830 1521118773.2913875
419 1521118773.2913875 1521118773.2913920
420 1521118773.2913920 1521118773.2913965
421 1521118773.2913965 1521118773.2914010
422 1521118773.2914010 1521118773.2914055
423 1521118773.2914055 1521118773.2914100
424 1521118773.2914100 1521118773.2914145
425 1521118773.2914145 1521118773.2914190
427 1521118773.2914235 1521118773.2914280
428 1521118773.2914280 1521118773.2914325
429 1521118773.2914325 1521118773.2914370
430 1521118773.2914370 1521118773.2914415
431 1521118773.2914415 1521118773.2914460
432 1521118773.2914460 1521118773.2914505
434 1521118773.2914550 1521118773.2914595
437 1521118773.2914685 1521118773.2914730
438 1521118773.2914730 1521118773.2914775
439 1521118773.2914775 1521118773.2914820
441 1521118773.2914865 1521118773.2914910
442 1521118773.2914910 1521118773.2914955
443 1521118773.2914955 1521118773.2915000
446 1521118773.2915090 1521118773.2915135
448 1521118773.2915180 1521118773.2915225
449 1521118773.2915225 1521118773.2915270
450 1521118773.2915270 1521118773.2915315
451 1521118773.2915315 1521118773.2915360
452 1521118773.2915360 1521118773.2915405
453 1521118773.2915405 1521118773.2915450
455 1521118773.2915495 1521118773.2915540
456 1521118773.2915540 1521118773.2915585
457 1521118773.2915585 1521118773.2915630
460 1521118773.2915720 1521118773.2915765
461 1521118773.2915765 1521118773.2915810
462 1521118773.2915810 1521118773.2915855
463 1521118773.2915855 1521118773.2915900
464 1521118773.2915900 1521118773.2915945
466 1521118773.2915990 1521118773.2916035
468 1521118773.2916080 1521118773.2916125
469 1521118773.2916125 1521118773.2916170
470 1521118773.2916170 1521118773.2916215
471 1521118773.2916215 1521118773.2916260
472 1521118773.2916260 1521118773.2916305
473 1521118773.2916305 1521118773.2916350
474 1521118773.2916350 1521118773.2916395
475 1521118773.2916395 1521118773.2916440
476 1521118773.2916440 1521118773.2916485
478 1521118773.2916530 1521118773.2916575
479 1521118773.2916575 1521118773.2916620
480 1521118773.2916620 1521118773.2916665
482 1521118773.2916710 1521118773.2916755
483 1521118773.2916755 1521118773.2916800
484 1521118773.2916800 1521118773.2916845
485 1521118773.2916845 1521118773.2916890
486 1521118773.2916890 1521118773.2916935
487 1521118773.2916935 1521118773.2916980
488 1521118773.2916980 1521118773.2917025
489 1521118773.2917025 1521118773.2917070
490 1521118773.2917070 1521118773.2917115
492 1521118773.2917160 1521118773.2917205
493 1521118773.2917205 1521118773.2917250
495 1521118773.2917295 1521118773.2917340
496 1521118773.2917340 1521118773.2917385
497 1521118773.2917385 1521118773.2917430
498 1521118773.2917430 1521118773.2917475
499 1521118773.2917475 1521118773.2917520
500 1521118773.2917520 1521118773.2917565
501 1521118773.2917565 1521118773.2917610
502 1521118773.2917610 1521118773.2917655
503 1521118773.2917655 1521118773.2917700
504 1521118773.2917700 1521118773.2917745
505 1521118773.2917745 1521118773.2917790
506 1521118773.2917790 1521118773.2917835
507 1521118773.2917835 1521118773.2917880
508 1521118773.2917880 1521118773.2917925
509 1521118773.2917925 1521118773.2917970
510 1521118773.2917970 1521118773.2918015
511 1521118773.2918015 1521118773.2918060
512 1521118773.2918060 1521118773.2918105
513 1521118773.2918105 1521118773.2918150
514 1521118773.2918150 1521118773.2918195
515 1521118773.2918195 1521118773.2918240
516 1521118773.2918240 1521118773.2918285
517 1521118773.2918285 1521118773.2918330
518 1521118773.2918330 1521118773.2918375
520 1521118773.2918420 1521118773.2918465
522 1521118773.2918510 1521118773.2918555
523 1521118773.2918555 1521118773.2918600
524 1521118773.2918600 1521118773.2918645
526 1521118773.2918690 1521118773.2918735
527 1521118773.2918735 1521118773.2918780
528 1521118773.2918780 1521118773.2918825
529 1521118773.2918825 1521118773.2918870
530 1521118773.2918870 1521118773.2918915
531 1521118773.2918915 1521118773.2918960
532 1521118773.2918960 1521118773.2919005
533 1521118773.2919005 1521118773.2919050
534 1521118773.2919050 1521118773.2919095
535 1521118773.2919095 1521118773.2919140
536 1521118773.2919140 1521118773.2919185
537 1521118773.2919185 1521118773.2919230
538 1521118773.2919230 1521118773.2919275
540 1521118773.2919320 1521118773.2919365
541 1521118773.2919365 1521118773.2919410
542 1521118773.2919410 1521118773.2919455
543 1521118773.2919455 1521118773.2919500
544 1521118773.2919500 1521118773.2919545
545 1521118773.2919545 1521118773.2919590
546 1521118773.2919590 1521118773.2919635
547 1521118773.2919635 1521118773.2919680
548 1521118773.2919680 1521118773.2919725
549 1521118773.2919725 1521118773.2919770
550 1521118773.2919770 1521118773.2919815
551 1521118773.2919815 1521118773.2919860
552 1521118773.2919860 1521118773.2919905
553 1521118773.2919905 1521118773.2919950
554 1521118773.2919950 1521118773.2919995
555 1521118773.2919995 1521118773.2920040
556 1521118773.2920040 1521118773.2920085
557 1521118773.2920085 1521118773.2920130
558 1521118773.2920130 1521118773.2920175
559 1521118773.2920175 1521118773.2920220
560 1521118773.2920220 1521118773.2920265
561 1521118773.2920265 1521118773.2920310
562 1521118773.2920310 1521118773.2920355
563 1521118773.2920355 1521118773.2920400
564 1521118773.2920400 1521118773.2920445
565 1521118773.2920445 1521118773.2920490
566 1521118773.2920490 1521118773.2920535
567 1521118773.2920535 1521118773.2920580
568 1521118773.2920580 1521118773.2920625
569 1521118773.2920625 1521118773.2920670
570 1521118773.2920670 1521118773.2920715
571 1521118773.2920715 1521118773.2920760
572 1521118773.2920760 1521118773.2920805
573 1521118773.2920805 1521118773.2920850
574 1521118773.2920850 1521118773.2920895
575 1521118773.2920895 1521118773.2920940
576 1521118773.2920940 1521118773.2920985
